%YAML:1.0
D: !!opencv-matrix
    rows: 1
    cols: 5
    dt: d
    data: [ -0.0515906955, 0.1082873911, 0.0000000000, 0.0000000000, 0.0000000000]
K: !!opencv-matrix
    rows: 3
    cols: 3
    dt: d
    data: [ 635.8703815022, 0.0000000000, 297.0734936266, 
            0.0000000000, 645.9166357514, 162.4692813007, 
            0.0000000000, 0.0000000000, 1.0000000000]
height: !!opencv-matrix
    rows: 1
    cols: 1
    dt: d
    data: [ 480.0000000000]
width: !!opencv-matrix
    rows: 1
    cols: 1
    dt: d
    data: [ 640.0000000000]
