%YAML:1.0
D: !!opencv-matrix
    rows: 1
    cols: 5
    dt: d
    data: [ -0.0669059381, 0.1502196196, 0.0000000000, 0.0000000000, 0.0000000000]
K: !!opencv-matrix
    rows: 3
    cols: 3
    dt: d
    data: [ 629.9231151500, 0.0000000000, 298.7754856608, 
            0.0000000000, 640.1354296016, 181.6418556243, 
            0.0000000000, 0.0000000000, 1.0000000000]
height: !!opencv-matrix
    rows: 1
    cols: 1
    dt: d
    data: [ 480.0000000000]
width: !!opencv-matrix
    rows: 1
    cols: 1
    dt: d
    data: [ 640.0000000000]
