%YAML:1.0
R: !!opencv-matrix
    rows: 3
    cols: 3
    dt: d
    data: [ 0.9999461159, -0.0095429210, -0.0040863145, 
            0.0095851817, 0.9998994511, 0.0104504500, 
            0.0039861758, -0.0104890550, 0.9999370431]
T: !!opencv-matrix
    rows: 1
    cols: 3
    dt: d
    data: [ -0.0341452746, 0.0003444105, 0.0003617002]
