%YAML:1.0
---
K1: !!opencv-matrix
   rows: 3
   cols: 3
   dt: d
   data: [ 6.2992311514999994e+02, 0., 2.9877548566079997e+02, 0.,
       6.4013542960159998e+02, 1.8164185562430001e+02, 0., 0., 1. ]
K2: !!opencv-matrix
   rows: 3
   cols: 3
   dt: d
   data: [ 6.3587038150219996e+02, 0., 2.9707349362660000e+02, 0.,
       6.4591663575140001e+02, 1.6246928130070000e+02, 0., 0., 1. ]
D1: !!opencv-matrix
   rows: 1
   cols: 5
   dt: d
   data: [ -6.6905938100000006e-02, 1.5021961959999999e-01, 0., 0., 0. ]
D2: !!opencv-matrix
   rows: 1
   cols: 5
   dt: d
   data: [ -5.1590695499999999e-02, 1.0828739110000001e-01, 0., 0., 0. ]
R1: !!opencv-matrix
   rows: 3
   cols: 3
   dt: d
   data: [ 9.9970027050031995e-01, -1.9515331505902782e-02,
       -1.4782455743275918e-02, 1.9592678490075090e-02,
       9.9979500831668089e-01, 5.1057119613798800e-03,
       1.4679785801289529e-02, -5.3938095315599561e-03,
       9.9987769787487790e-01 ]
R2: !!opencv-matrix
   rows: 3
   cols: 3
   dt: d
   data: [ 9.9989304157516457e-01, -1.0085543795728019e-02,
       -1.0591846671409583e-02, 1.0029794472790236e-02,
       9.9993563643779815e-01, -5.3034144255702459e-03,
       1.0644652760883496e-02, 5.1966131355154904e-03,
       9.9992984082860537e-01 ]
P1: !!opencv-matrix
   rows: 3
   cols: 4
   dt: d
   data: [ 6.4302603267649999e+02, 0., 3.0922600936889648e+02, 0., 0.,
       6.4302603267649999e+02, 1.7257753753662109e+02, 0., 0., 0., 1.,
       0. ]
P2: !!opencv-matrix
   rows: 3
   cols: 4
   dt: d
   data: [ 6.4302603267649999e+02, 0., 3.0922600936889648e+02,
       -2.1958649123209391e+01, 0., 6.4302603267649999e+02,
       1.7257753753662109e+02, 0., 0., 0., 1., 0. ]
Q: !!opencv-matrix
   rows: 4
   cols: 4
   dt: d
   data: [ 1., 0., 0., -3.0922600936889648e+02, 0., 1., 0.,
       -1.7257753753662109e+02, 0., 0., 0., 6.4302603267649999e+02, 0.,
       0., 2.9283496861236689e+01, 0. ]
image_width: 640
image_height: 480
